26540
26539
26538
26536
26533
26529
26521
26517
26510
26509
26500
26493
26488
26481
26475
26471
26470
26462
26460
26452
26439
26437
26433
26430
26422
26418
26417
26416
26411
26400
26391
26390
26385
26383
26370
26363
26361
26357
26355
26352
26349
26348
26345
26343
26342
26341
26338
26332
26331
26329
26328
26322
26317
26316
26313
26309
26305
26302
26297
26296
26292
26291
26286
26278
26276
26275
26274
26273
26272
26269
26263
26261
26260
26259
26257
26255
26247
26242
26240
26239
26238
26234
26222
26219
26218
26217
26212
26201
26197
26194
26193
26192
26184
26182
26181
26180
26179
26178
26176
26173
26172
26171
26170
26169
26168
26167
25979
25978
25974
25972
25969
25968
25967
25966
25965
25964
25958
25955
25954
25951
25949
25948
25945
25944
25939
25934
25933
25930
25929
25928
25927
25925
25924
25921
25919
25903
25899
25898
25896
25894
25893
25885
25875
25874
25873
25871
25868
25864
25859
25855
25852
25848
25847
25846
25841
25840
25839
25838
25836
25835
25834
25827
25823
25822
25820
25808
25807
25806
25803
25785
25784
25783
25782
25781
25779
25776
25773
25769
25763
25760
25758
25756
25755
25751
25750
25747
25745
25743
25740
25738
25737
25736
25732
25730
25724
25720
25719
25712
25708
25705
25704
25702
25691
25690
25688
25687
25682
25680
25678
25677
25674
25672
25671
25670
25665
25662
25657
25653
25652
25651
25645
25644
25643
25641
25637
25631
25628
25624
25616
25614
25613
25607
25602
25600
25598
25590
25589
25584
25581
25578
25575
25572
25570
25565
25564
25561
25559
25557
25553
25551
25548
25547
25542
25539
25532
25524
25520
25518
25503
25502
25500
25495
25494
25493
25492
25451
25444
25437
25435
25434
25426
25416
25414
25407
25404
25403
25400
25398
25395
25393
25392
25390
25386
25385
25384
25376
25373
25371
25363
25362
25357
25356
25355
25354
25353
25352
25351
25339
25338
25334
25333
25331
25328
25326
25325
25324
25320
25319
25318
25317
25315
25312
25308
25305
25303
25302
25301
25300
25289
25282
25279
25274
25270
25269
25266
25264
25261
25257
25255
25253
25250
25248
25247
25244
25241
25234
25229
25226
25224
25223
25219
25218
25213
25210
25199
25197
25196
25194
25193
25192
25191
25186
25185
25184
25181
25180
25177
25176
25175
25173
25169
25167
25165
25164
25163
25162
25161
25159
25157
25154
25152
25150
25149
25148
25146
25145
25144
25143
25142
25141
25140
25139
25138
25137
25123
25121
25117
25116
25115
25113
25111
25109
25108
25107
25106
25104
25103
25101
25099
25097
25095
25087
25083
25082
25080
25076
25074
25073
25072
25071
25070
25069
25068
25066
25065
25064
25063
25062
25059
25058
25056
25054
25051
25050
25049
25048
25047
25044
25035
25028
25023
25022
25021
25020
25015
25001
25000
24998
24994
24988
24987
24986
24979
24976
24974
24971
24962
24956
24952
24947
24946
24940
24933
24932
24926
24923
24922
24919
24915
24912
24907
24905
24904
24899
24898
24891
24886
24884
24883
24881
24880
24879
24878
24876
24873
24872
24871
24866
24863
24861
24860
24857
24855
24854
24840
24833
24832
24829
24828
24826
24825
24824
24821
24819
24818
24817
24816
24814
24813
24808
24805
24803
24802
24801
24797
24795
24792
24783
24778
24776
24774
24771
24767
24766
24762
24757
24754
24751
24749
24742
24735
24733
24732
24725
24723
24722
24715
24713
24712
24710
24707
24706
24700
24699
24698
24697
24696
24695
24694
24691
24690
24686
24683
24682
24680
24677
24676
24674
24671
24669
24666
24665
24660
24659
24656
24654
24646
24645
24644
24641
24639
24633
24631
24630
24629
24626
24623
24620
24618
24615
24613
24612
24611
24610
24609
24607
24606
24605
24604
24603
24601
24594
24593
24592
24591
24590
24589
24583
24582
24580
24577
24573
24572
24571
24570
24563
24562
24557
24554
24551
24550
24545
24544
24533
24532
24531
24530
24522
24521
24520
24514
24513
24512
24511
24510
24507
24505
24501
24499
24498
24492
24491
24487
24486
24483
24482
24481
24478
24471
24470
24467
24466
24465
24463
24461
24459
24457
24456
24455
24454
24449
24446
24444
24443
24442
24441
24440
24438
24435
24434
24432
24431
24430
24429
24428
24427
24426
24425
24424
24423
24422
24421
24420
24411
24410
24408
24406
24404
24402
24401
24398
24396
24395
24393
24390
24386
24385
24380
24379
24378
24376
24366
24365
24362
24360
24359
24356
24355
24354
24350
24348
24344
24342
24340
24335
24334
24333
24329
24327
24324
24323
24321
24318
24317
24315
24310
24309
24308
24306
24305
24303
24299
24298
24297
24296
24294
24292
24289
24284
24283
24281
24278
24277
24274
24271
24270
24268
24265
24264
24263
24259
24257
24254
24252
24249
24246
24245
24244
24241
24240
24238
24237
24236
24235
24234
24231
24230
24229
24228
24226
24222
24221
24218
24217
24214
24213
24212
24210
24209
24208
24203
24202
24199
24198
24197
24196
24192
24191
24190
24189
24187
24186
24183
24169
24168
24166
24165
24164
24163
24161
24160
24158
24154
24152
24150
24149
24147
24146
24145
24143
24138
24133
24132
24128
24127
24126
24123
24122
24120
24119
24116
24115
24114
24113
24112
24110
24109
24106
24103
24102
24101
24100
24099
24098
24097
24096
24095
24094
24092
24083
24082
24081
24080
24077
24074
24071
24069
24066
24064
24060
24055
24052
24050
24033
24031
24026
24019
24015
24014
24013
24011
24006
24004
24001
24000
23997
23995
23993
23990
23989
23988
23986
23985
23981
23975
23974
23973
23972
23970
23967
23966
23961
23959
23958
23957
23955
23954
23953
23951
23949
23948
23945
23943
23942
23940
23937
23936
23935
23930
23929
23927
23923
23921
23918
23912
23911
23907
23906
23904
23899
23896
23895
23890
23888
23886
23885
23881
23878
23877
23876
23875
23874
23873
23872
23870
23869
23868
23866
23862
23861
23860
23859
23858
23855
23851
23850
23848
23843
23842
23839
23838
23834
23829
23827
23826
23820
23816
23814
23811
23810
23808
23807
23806
23805
23801
23800
23799
23797
23795
23791
23786
23784
23783
23782
23781
23780
23779
23778
23777
23776
23770
23762
23761
23759
23758
23757
23755
23753
23748
23741
23735
23734
23732
23731
23725
23722
23719
23718
23716
23715
23703
23702
23701
23697
23691
23688
23687
23686
23685
23684
23683
23680
23679
23677
23673
23671
23669
23666
23665
23663
23658
23657
23656
23655
23654
23652
23650
23649
23647
23645
23634
23632
23626
23625
23621
23619
23618
23617
23614
23611
23601
23600
23596
23593
23591
23588
23586
23585
23584
23582
23580
23579
23577
23575
23572
23569
23568
23565
23561
23560
23552
23547
23546
23544
23534
23533
23529
23527
23524
23522
23521
23520
23519
23513
23512
23510
23509
23508
23505
23503
23498
23496
23495
23485
23483
23481
23477
23473
23472
23470
23468
23461
23459
23458
23457
23456
23448
23446
23445
23444
23440
23439
23438
23435
23434
23432
23430
23424
23423
23421
23420
23416
23415
23414
23413
23409
23405
23403
23402
23396
23395
23388
23386
23385
23384
23380
23377
23375
23368
23367
23364
23362
23357
23348
23342
23338
23337
23335
23333
23332
23330
23328
23327
23325
23324
23323
23321
23320
23318
23317
23315
23314
23312
23310
23309
23303
23301
23300
23299
23298
23297
23293
23289
23286
23275
23273
23271
23268
23264
23263
23260
23259
23257
23256
23255
23253
23248
23247
23246
23245
23244
23230
23228
23227
23226
23221
23220
23219
23216
23214
23212
23208
23207
23206
23196
23194
23192
23191
23187
23186
23184
23182
23178
23177
23168
23163
23162
23161
23160
23159
23157
23156
23151
23150
23146
23144
23143
23142
23140
23139
23138
23135
23130
23125
23122
23121
23118
23110
23109
23108
23106
23104
23102
23101
23099
23098
23095
23094
23093
23092
23091
23087
23085
23078
23077
23072
23071
23068
23067
23064
23060
23055
23051
23049
23044
23041
23040
23028
23026
23025
23023
23022
23019
23017
23014
23011
23010
23004
22998
22997
22996
22995
22994
22991
22990
22986
22985
22984
22980
22978
22966
22965
22964
22963
22961
22960
22959
22958
22956
22955
22954
22953
22952
22951
22950
22949
22948
22947
22946
22943
22942
22940
22939
22936
22932
22930
22926
22921
22918
22915
22912
22910
22905
22904
22897
22896
22895
22892
22890
22888
22887
22884
22879
22876
22874
22869
22868
22864
22863
22862
22860
22859
22858
22857
22855
22854
22851
22850
22848
22843
22839
22838
22837
22836
22834
22833
22829
22828
22826
22824
22823
22822
22821
22820
22819
22818
22814
22811
22810
22809
22808
22807
22806
22805
22804
22800
22799
22798
22797
22794
22793
22791
22790
22782
22776
22773
22758
22756
22752
22750
22746
22744
22741
22740
22739
22737
22733
22731
22728
22727
22722
22720
22717
22716
22715
22713
22712
22711
22709
22708
22707
22706
22705
22704
22703
22698
22697
22695
22693
22689
22688
22687
22686
22684
22681
22680
22679
22675
22671
22666
22664
22660
22659
22651
22648
22647
22646
22644
22641
22640
22637
22631
22630
22625
22624
22620
22615
22612
22607
22605
22598
22594
22593
22592
22584
22582
22581
22580
22579
22574
22573
22570
22566
22565
22564
22561
22557
22556
22554
22551
22550
22547
22546
22542
22541
22539
22538
22536
22534
22533
22528
22523
22517
22513
22510
22509
22506
22500
22499
22496
22495
22488
22487
22485
22484
22483
22482
22481
22480
22477
22475
22474
22473
22472
22468
22466
22464
22461
22455
22454
22453
22445
22444
22442
22441
22440
22437
22436
22433
22426
22423
22422
22421
22413
22407
22405
22403
22401
22400
22398
22397
22396
22395
22394
22393
22392
22391
22390
22389
22388
22387
22386
22385
22383
22379
22378
22377
22376
22374
22373
22371
22368
22366
22365
22364
22363
22355
22354
22344
22342
22341
22340
22337
22336
22333
22327
22324
22321
22316
22315
22309
22301
22298
22297
22294
22289
22288
22287
22286
22280
22279
22276
22273
22272
22271
22267
22265
22264
22263
22260
22252
22251
22246
22241
22238
22236
22235
22234
22233
22232
22231
22230
22229
22228
22221
22218
22217
22213
22199
22197
22193
22189
22176
22168
22167
22164
22154
22151
22150
22147
22145
22144
22143
22138
22128
22125
22124
22123
22122
22119
22116
22113
22103
22102
22095
22093
22087
22079
22078
22070
22068
22066
22063
22047
22045
22043
22039
22035
22033
22032
22030
22027
22024
22013
22010
22005
22004
21997
21994
21990
21988
21987
21981
21980
21977
21975
21972
21971
21970
21958
21957
21953
21945
21940
21939
21938
21937
21935
21931
21929
21925
21923
21921
21918
21917
21906
21901
21895
21890
21888
21884
21882
21877
21857
21856
21850
21835
21826
21825
21824
21821
21816
21815
21813
21812
21811
21809
21807
21806
21805
21804
21802
21801
21800
21799
21796
21788
21787
21782
21777
21774
21770
21768
21765
21764
21760
21759
21756
21747
21746
21743
21741
21739
21737
21736
21730
21729
21726
21724
21722
21721
21720
21719
21716
21715
21711
21709
21703
21697
21696
21695
21693
21692
21690
21684
21679
21678
21677
21676
21674
21673
21672
21671
21670
21668
21664
21657
21654
21653
21648
21633
21630
21628
21626
21622
21617
21616
21615
21613
21606
21603
21597
21594
21592
21591
21589
21580
21579
21578
21569
21566
21565
21559
21558
21545
21544
21543
21542
21541
21540
21539
21538
21537
21536
21535
21534
21533
21526
21525
21524
21521
21519
21515
21513
21512
21508
21501
21500
21496
21494
21491
21489
21488
21487
21485
21484
21483
21481
21480
21475
21474
21473
21471
21470
21467
21466
21465
21464
21462
21461
21459
21456
21453
21451
21450
21447
21446
21444
21443
21442
21441
21440
21439
21438
21436
21433
21432
21430
21429
21426
21425
21424
21422
21420
21419
21418
21414
21413
21407
21406
21405
21404
21403
21402
21400
21399
21397
21394
21393
21392
21390
21389
21388
21379
21378
21375
21374
21371
21370
21368
21363
21357
21356
21347
21346
21345
21343
21341
21340
21338
21334
21331
21321
21318
21315
21314
21307
21306
21298
21295
21292
21288
21285
21283
21282
21272
21270
21268
21262
21261
21260
21254
21253
21244
21243
21242
21238
21236
21234
21230
21228
21227
21226
21224
21222
21221
21220
21218
21217
21216
21215
21214
21213
21212
21211
21208
21207
21206
21205
21204
21203
21202
21201
21199
21196
21194
21190
21187
21185
21178
21177
21176
21171
21167
21162
21161
21157
21155
21149
21148
21147
21145
21143
21141
21140
21136
21133
21128
21124
21122
21121
21118
21116
21112
21111
21110
21109
21108
21107
21099
21097
21095
21093
21089
21088
21086
21085
21076
21069
21068
21067
21065
21064
21063
21062
21058
21056
21052
21050
21049
21047
21046
21044
21041
21036
21035
21034
21033
21032
21028
21027
21024
21020
21019
21016
21015
21013
21005
21004
21003
20998
20996
20995
20994
20989
20984
20982
20973
20966
20964
20963
20962
20961
20957
20954
20951
20947
20945
20943
20940
20938
20934
20933
20932
20930
20926
20921
20919
20918
20917
20916
20915
20909
20907
20903
20901
20900
20898
20891
20890
20889
20882
20878
20876
20875
20874
20873
20872
20871
20870
20869
20868
20867
20865
20864
20863
20858
20854
20853
20852
20851
20850
20836
20829
20828
20827
20826
20825
20823
20821
20819
20816
20803
20802
20796
20795
20785
20779
20778
20775
20774
20773
20769
20768
20765
20764
20763
20754
20745
20744
20742
20735
20734
20731
20725
20715
20710
20706
20705
20702
20701
20700
20699
20698
20697
20696
20695
20694
20690
20684
20683
20682
20678
20677
20673
20672
20671
20668
20667
20666
20665
20664
20658
20657
20653
20652
20651
20649
20648
20647
20646
20642
20641
20640
20639
20638
20637
20636
20629
20627
20626
20625
20618
20615
20605
20604
20602
20597
20596
20587
20585
20583
20580
20577
20574
20572
20571
20570
20567
20562
20557
20555
20553
20552
20551
20545
20544
20540
20539
20537
20534
20529
20526
20519
20505
20503
20502
20501
20499
20494
20493
20489
20477
20476
20475
20474
20473
20472
20468
20467
20464
20463
20462
20459
20457
20454
20447
20446
20445
20441
20438
20436
20434
20428
20419
20418
20417
20416
20415
20413
20411
20409
20407
20405
20402
20397
20394
20393
20391
20390
20387
20386
20380
20379
20372
20370
20367
20363
20361
20357
20356
20354
20353
20349
20343
20341
20339
20338
20333
20332
20331
20330
20329
20328
20315
20314
20313
20312
20311
20310
20308
20304
20301
20299
20295
20294
20290
20288
20287
20285
20283
20282
20278
20277
20276
20275
20272
20270
20267
20260
20259
20258
20253
20250
20247
20246
20245
20235
20225
20222
20221
20217
20215
20210
20209
20203
20202
20201
20199
20198
20196
20195
20194
20191
20190
20189
20188
20187
20183
20180
20179
20178
20176
20175
20174
20172
20171
20169
20167
20165
20151
20149
20145
20144
20143
20142
20141
20140
20137
20130
20127
20126
20125
20122
20121
20113
20112
20109
20103
20101
20100
20099
20097
20094
20091
20090
20089
20083
20076
20074
20073
20072
20071
20070
20069
20068
20063
20047
20045
20044
20043
20042
20041
20040
20039
20038
20037
20036
20034
20033
20028
20026
20025
20024
20023
20021
20020
20019
20017
20016
20009
20001
20000
19998
19995
19994
19993
19992
19990
19988
19986
19985
19984
19982
19980
19978
19977
19967
19963
19958
19955
19953
19952
19950
19948
19947
19946
19941
19940
19936
19935
19934
19932
19926
19925
19920
19919
19915
19913
19912
19911
19906
19904
19902
19894
19893
19892
19890
19889
19887
19886
19885
19879
19874
19869
19868
19864
19863
19862
19861
19855
19851
19847
19832
19829
19828
19827
19825
19824
19819
19817
19805
19793
19791
19789
19786
19781
19779
19775
19772
19769
19765
19762
19757
19756
19755
19754
19753
19752
19751
19750
19747
19745
19744
19741
19739
19737
19735
19734
19727
19724
19723
19722
19721
19718
19714
19713
19712
19710
19708
19706
19705
19704
19693
19692
19687
19683
19680
19677
19674
19667
19665
19664
19659
19639
19633
19631
19628
19627
19620
19618
19617
19616
19615
19614
19610
19606
19605
19604
19603
19602
19585
19584
19583
19582
19581
19580
19574
19572
19570
19568
19567
19566
19564
19553
19552
19551
19550
19549
19548
19543
19541
19539
19537
19536
19534
19533
19532
19530
19526
19482
19477
19476
19474
19473
19472
19470
19469
19468
19459
19454
19452
19448
19435
19434
19432
19431
19427
19426
19424
19423
19420
19414
19411
19410
19409
19408
19407
19406
19404
19400
19395
19394
19393
19389
19387
19378
19376
19370
19359
19358
19354
19348
19347
19341
19340
19337
19336
19335
19333
19331
19330
19328
19327
19326
19325
19321
19319
19316
19313
19312
19310
19308
19300
19299
19298
19295
19294
19293
19292
19291
19289
19288
19287
19283
19281
19277
19275
19273
19272
19268
19264
19263
19262
19259
19257
19256
19255
19252
19251
19250
19249
19248
19247
19246
19245
19244
19243
19242
19241
19240
19239
19238
19237
19236
19235
19234
19233
19232
19224
19222
19220
19219
19218
19216
19215
19214
19213
19212
19211
19210
19209
19208
19207
19206
19205
19204
19201
19195
19192
19190
19157
19156
19155
19153
19152
19146
19144
19141
19140
19139
19138
19137
19136
19135
19132
19129
19128
19126
19125
19122
19121
19119
19116
19115
19112
19111
19110
19109
19108
19106
19105
19104
19103
19102
19099
19098
19093
19091
19089
19088
19086
19084
19079
19078
19077
19072
19069
19068
19058
19057
19056
19055
19054
19053
19051
19050
19049
19048
19042
19035
19033
19032
19030
19029
19024
19022
19021
19018
19016
19013
19012
19011
19010
19007
19006
19003
19002
19001
19000
18998
18993
18991
18990
18989
18988
18987
18986
18984
18982
18981
18980
18979
18976
18952
18948
18945
18943
18942
18938
18936
18935
18933
18932
18930
18927
18925
18921
18920
18919
18916
18915
18914
18913
18912
18910
18908
18906
18904
18903
18902
18900
18899
18894
18891
18888
18885
18883
18882
18881
18880
18879
18878
18872
18871
18869
18865
18864
18858
18856
18851
18848
18847
18844
18839
18838
18837
18836
18830
18829
18828
18826
18825
18823
18822
18821
18820
18819
18816
18814
18811
18810
18807
18804
18799
18789
18788
18787
18785
18784
18783
18782
18778
18775
18774
18772
18771
18769
18760
18757
18755
18752
18750
18747
18745
18744
18741
18740
18739
18736
18734
18729
18721
18720
18717
18716
18715
18709
18708
18707
18706
18704
18700
18699
18698
18697
18695
18693
18691
18690
18689
18687
18686
18685
18684
18682
18680
18679
18678
18677
18676
18675
18673
18671
18670
18669
18668
18667
18666
18663
18662
18661
18659
18657
18656
18655
18654
18653
18649
18648
18643
18639
18638
18637
18634
18631
18629
18626
18625
18624
18622
18621
18616
18614
18613
18611
18610
18608
18600
18597
18593
18591
18590
18581
18579
18576
18575
18567
18563
18561
18560
18547
18542
18541
18537
18536
18533
18531
18530
18523
18521
18519
18518
18514
18513
18511
18509
18501
18500
18498
18497
18496
18489
18488
18487
18486
18485
18483
18481
18479
18478
18477
18474
18473
18472
18469
18466
18464
18463
18462
18461
18460
18458
18455
18453
18452
18451
18450
18448
18447
18446
18445
18443
18442
18441
18440
18439
18434
18432
18431
18428
18427
18426
18423
18417
18415
18402
18401
18400
18398
18397
18395
18394
18393
18392
18391
18389
18388
18384
18383
18381
18380
18379
18378
18377
18376
18372
18371
18370
18369
18361
18356
18354
18352
18351
18348
18346
18343
18340
18337
18336
18327
18325
18324
18323
18317
18314
18313
18311
18303
18302
18299
18296
18288
18286
18285
18284
18283
18280
18279
18278
18274
18272
18271
18270
18267
18266
18265
18264
18260
18258
18257
18256
18255
18254
18253
18252
18251
18250
18249
18246
18245
18244
18235
18234
18229
18227
18221
18217
18215
18214
18191
18189
18186
18185
18182
18174
18172
18163
18161
18159
18156
18152
18151
18149
18148
18146
18141
18138
18135
18134
18133
18131
18128
18120
18116
18112
18111
18110
18109
18108
18106
18105
18104
18099
18098
18097
18095
18094
18093
18092
18091
18090
18089
18086
18085
18084
18081
18080
18079
18078
18077
18074
18072
18071
18070
18069
18068
18067
18066
18063
18061
18056
18055
18051
18050
18048
18047
18046
18043
18042
18040
18039
18038
18034
18033
18032
18031
18030
18029
18028
18018
18013
18011
18005
17997
17996
17995
17983
17980
17970
17968
17967
17965
17958
17957
17955
17954
17952
17951
17950
17949
17946
17945
17944
17942
17941
17940
17939
17938
17934
17933
17930
17928
17926
17922
17921
17919
17917
17910
17906
17903
17902
17900
17899
17897
17896
17891
17881
17880
17879
17875
17823
17822
17821
17820
17817
17815
17814
17813
17809
17808
17804
17803
17794
17793
17792
17791
17790
17775
17774
17770
17769
17766
17765
17763
17756
17753
17751
17749
17746
17745
17742
17737
17735
17734
17733
17729
17728
17727
17726
17725
17720
17716
17713
17712
17710
17708
17707
17704
17702
17701
17699
17698
17697
17693
17692
17689
17688
17687
17685
17684
17683
17682
17675
17670
17663
17662
17661
17660
17655
17652
17651
17650
17648
17646
17642
17640
17638
17637
17633
17626
17625
17619
17618
17616
17614
17613
17608
17607
17601
17600
17596
17594
17591
17590
17589
17587
17580
17578
17577
17576
17575
17572
17569
17568
17566
17558
17553
17551
17549
17548
17545
17542
17536
17535
17531
17523
17522
17521
17520
17519
17518
17515
17514
17513
17510
17509
17508
17505
17501
17500
17499
17495
17494
17492
17491
17490
17489
17487
17485
17483
17482
17481
17479
17477
17476
17471
17470
17468
17467
17466
17462
17459
17457
17456
17454
17453
17452
17451
17449
17448
17447
17446
17440
17436
17435
17434
17433
17430
17428
17427
17426
17420
17419
17418
17414
17409
17404
17403
17402
17401
17394
17393
17392
17389
17388
17387
17384
17373
17370
17369
17368
17364
17362
17359
17358
17357
17353
17352
17350
17349
17348
17346
17343
17342
17341
17336
17334
17333
17332
17331
17330
17329
17328
17327
17326
17320
17319
17318
17317
17315
17307
17305
17299
17295
17294
17293
17292
17289
17284
17283
17280
17277
17275
17272
17270
17266
17261
17259
17257
17255
17253
17252
17241
17238
17236
17235
17232
17230
17229
17227
17222
17221
17220
17218
17216
17215
17214
17213
17212
17208
17207
17204
17190
17189
17188
17187
17186
17185
17184
17183
17181
17179
17178
17172
17171
17168
17164
17162
17161
17159
17158
17156
17154
17153
17152
17151
17147
17146
17141
17140
17139
17138
17137
17136
17133
17132
17120
17116
17115
17114
17113
17112
17100
17099
17094
17091
17086
17085
17084
17083
17082
17081
17080
17079
17077
17074
17071
17069
17065
17064
17063
17059
17058
17051
17050
17048
17047
17043
17042
17039
17038
17037
17034
17033
17032
17031
17030
17027
17025
17024
17023
17021
17014
17013
17012
17007
16994
16989
16983
16982
16975
16974
16967
16965
16960
16950
16947
16932
16931
16923
16922
16921
16919
16918
16917
16909
16908
16903
16901
16897
16896
16892
16890
16889
16888
16887
16885
16884
16883
16881
16880
16879
16878
16877
16868
16867
16865
16858
16857
16852
16850
16848
16846
16842
16841
16840
16839
16838
16835
16832
16831
16820
16818
16816
16813
16808
16804
16799
16793
16790
16788
16785
16781
16780
16776
16775
16773
16772
16766
16763
16762
16761
16760
16759
16757
16754
16748
16747
16745
16744
16738
16735
16733
16727
16726
16725
16723
16722
16721
16718
16714
16710
16707
16701
16698
16691
16690
16689
16687
16684
16682
16679
16672
16670
16661
16659
16658
16654
16653
16651
16649
16648
16636
16632
16628
16623
16617
16616
16614
16607
16605
16600
16599
16597
16596
16591
16589
16588
16586
16585
16579
16577
16571
16569
16568
16567
16566
16565
16564
16563
16561
16560
16543
16542
16541
16536
16534
16533
16532
16529
16528
16525
16524
16517
16508
16504
16503
16499
16494
16492
16490
16488
16487
16486
16485
16484
16483
16481
16480
16479
16477
16475
16473
16472
16471
16462
16459
16458
16457
16445
16444
16437
16436
16433
16432
16430
16417
16414
16411
16409
16408
16406
16405
16404
16398
16396
16395
16392
16389
16386
16384
16382
16381
16380
16379
16378
16373
16369
16368
16367
16359
16352
16351
16350
16347
16345
16344
16343
16339
16333
16332
16325
16324
16319
16312
16309
16302
16301
16299
16291
16289
16288
16287
16282
16280
16279
16273
16263
16262
16261
16260
16259
16258
16257
16256
16255
16254
16252
16246
16245
16244
16243
16240
16234
16226
16224
16222
16218
16217
16215
16212
16210
16208
16205
16197
16194
16193
16187
16186
16179
16176
16175
16174
16171
16169
16167
16165
16162
16160
16159
16158
16157
16156
16155
16154
16152
16151
16147
16145
16142
16140
16137
16136
16135
16132
16130
16119
16117
16114
16113
16110
16107
16101
16093
16092
16089
16086
16073
16070
16067
16066
16047
16043
16042
16039
16036
16024
16023
16021
16018
16014
16012
16011
16007
16004
16003
16001
15999
15996
15994
15993
15988
15987
15984
15982
15978
15974
15973
15970
15965
15964
15961
15960
15956
15955
15954
15952
15948
15947
15946
15945
15942
15941
15934
15933
15930
15929
15923
15921
15919
15916
15915
15914
15913
15912
15910
15909
15908
15907
15905
15904
15903
15900
15898
15895
15894
15893
15891
15890
15889
15888
15887
15886
15885
15884
15881
15878
15877
15876
15867
15866
15862
15861
15860
15859
15857
15854
15851
15848
15846
15839
15836
15831
15828
15826
15822
15809
15807
15805
15803
15801
15800
15798
15790
15788
15784
15782
15779
15778
15777
15774
15773
15772
15770
15769
15765
15762
15756
15755
15754
15751
15749
15746
15744
15742
15740
15739
15738
15734
15731
15730
15728
15726
15725
15724
15721
15720
15716
15714
15710
15708
15705
15703
15699
15698
15697
15694
15693
15688
15687
15686
15681
15678
15674
15673
15670
15665
15662
15661
15660
15659
15658
15657
15656
15651
15650
15649
15648
15645
15640
15637
15633
15630
15628
15621
15620
15619
15618
15611
15606
15605
15604
15600
15599
15596
15594
15593
15592
15591
15589
15585
15584
15583
15582
15581
15580
15578
15577
15576
15569
15567
15566
15563
15560
15559
15558
15557
15553
15551
15550
15542
15539
15533
15531
15527
15524
15522
15520
15516
15511
15507
15504
15503
15499
15498
15496
15495
15494
15491
15484
15482
15478
15477
15475
15474
15473
15472
15470
15469
15468
15466
15464
15463
15462
15456
15455
15454
15453
15452
15451
15447
15446
15428
15427
15426
15425
15424
15423
15422
15415
15407
15406
15398
15395
15391
15388
15384
15382
15380
15378
15376
15373
15372
15371
15369
15368
15366
15363
15360
15357
15356
15355
15353
15352
15351
15350
15348
15347
15345
15337
15335
15334
15330
15329
15327
15323
15322
15321
15320
15318
15317
15316
15314
15313
15310
15309
15307
15306
15305
15302
15300
15299
15294
15293
15292
15291
15286
15285
15284
15283
15281
15278
15273
15271
15269
15267
15263
15259
15258
15255
15252
15250
15249
15244
15241
15240
15239
15238
15237
15234
15221
15215
15214
15213
15208
15200
15198
15193
15187
15185
15183
15182
15178
15177
15176
15171
15167
15166
15165
15161
15159
15157
15156
15154
15152
15150
15149
15145
15140
15139
15137
15135
15134
15133
15129
15126
15125
15122
15121
15120
15111
15110
15108
15104
15095
15094
15093
15092
15091
15090
15089
15088
15087
15086
15085
15077
15073
15072
15052
15050
15049
15044
15043
15040
15037
15034
15031
15030
15025
15019
15018
15015
15013
15012
15009
15004
15003
15002
15001
15000
14999
14998
14997
14996
14995
14994
14993
14992
14989
14987
14986
14985
14982
14981
14980
14971
14967
14966
14961
14960
14959
14958
14954
14951
14949
14947
14945
14943
14941
14938
14933
14931
14930
14927
14925
14922
14921
14920
14917
14907
14904
14903
14902
14901
14900
14899
14895
14891
14890
14888
14887
14886
14885
14881
14880
14879
14878
14877
14876
14874
14873
14871
14870
14869
14865
14864
14860
14859
14858
14857
14852
14848
14847
14845
14841
14838
14836
14834
14831
14830
14829
14825
14822
14819
14818
14812
14807
14803
14801
14794
14790
14789
14786
14783
14781
14780
14772
14767
14766
14765
14763
14748
14747
14746
14745
14743
14740
14728
14726
14724
14723
14722
14716
14715
14714
14709
14691
14689
14686
14684
14677
14676
14675
14674
14673
14669
14668
14667
14666
14664
14661
14652
14641
14640
14639
14630
14629
14626
14625
14624
14623
14616
14612
14611
14610
14608
14603
14602
14601
14599
14591
14590
14581
14580
14579
14578
14577
14576
14573
14572
14571
14570
14569
14567
14566
14565
14564
14563
14560
14559
14556
14552
14551
14546
14545
14544
14543
14542
14540
14539
14538
14535
14534
14531
14527
14519
14518
14516
14500
14498
14497
14492
14488
14485
14482
14477
14474
14472
14471
14466
14465
14463
14458
14457
14453
14452
14451
14446
14444
14434
14433
14429
14421
14417
14414
14410
14408
14406
14402
14400
14396
14394
14393
14392
14388
14382
14379
14378
14365
14363
14360
14357
14354
14353
14351
14339
14336
14334
14333
14332
14331
14329
14325
14316
14315
14312
14311
14307
14299
14297
14295
14290
14287
14286
14281
14273
14266
14264
14261
14260
14258
14257
14256
14250
14244
14242
14240
14239
14236
14235
14233
14232
14226
14225
14217
14208
14207
14206
14203
14194
14192
14191
14190
14189
14188
14185
14175
14173
14171
14166
14160
14156
14154
14153
14151
14150
14147
14143
14140
14138
14135
14127
14121
14118
14113
14112
14111
14110
14104
14103
14097
14096
14095
14092
14091
14090
14089
14088
14087
14086
14085
14084
14083
14072
14071
14070
14069
14065
14063
14061
14059
14058
14057
14055
14051
14050
14048
14047
14037
14036
14034
14030
14029
14022
14021
14015
14011
14007
14005
14002
14001
14000
13999
13998
13994
13993
13992
13988
13986
13985
13982
13965
13955
13954
13947
13946
13942
13939
13932
13931
13928
13927
13923
13920
13918
13916
13915
13913
13907
13905
13904
13901
13900
13899
13898
13885
13882
13877
13873
13871
13870
13867
13866
13865
13861
13860
13859
13858
13857
13856
13855
13854
13853
13851
13845
13843
13842
13839
13837
13832
13831
13829
13828
13827
13824
13821
13820
13815
13810
13801
13800
13799
13797
13795
13794
13793
13792
13791
13790
13789
13788
13787
13786
13785
13783
13782
13781
13780
13777
13773
13772
13771
13770
13768
13766
13760
13759
13758
13755
13754
13752
13745
13744
13743
13740
13738
13736
13735
13732
13731
13724
13721
13718
13716
13711
13707
13704
13702
13700
13693
13687
13671
13670
13668
13667
13664
13663
13662
13660
13658
13652
13651
13649
13642
13631
13627
13626
13624
13623
13619
13618
13617
13615
13614
13612
13606
13602
13601
13600
13599
13598
13597
13595
13594
13593
13592
13589
13586
13579
13578
13576
13574
13569
13568
13567
13566
13565
13563
13560
13559
13558
13557
13551
13549
13543
13542
13541
13539
13536
13531
13528
13519
13518
13514
13513
13511
13510
13506
13504
13502
13500
13499
13498
13497
13495
13494
13493
13492
13487
13474
13473
13472
13471
13465
13464
13463
13461
13458
13454
13452
13449
13448
13445
13439
13437
13435
13434
13433
13432
13430
13426
13424
13423
13422
13421
13417
13415
13414
13410
13408
13406
13405
13403
13397
13396
13392
13390
13388
13387
13385
13381
13374
13373
13372
13369
13358
13354
13353
13351
13342
13333
13330
13328
13320
13313
13311
13310
13306
13300
13298
13293
13289
13286
13284
13283
13276
13275
13272
13269
13262
13260
13255
13249
13242
13241
13239
13232
13231
13230
13228
13222
13220
13217
13209
13205
13203
13199
13195
13194
13192
13191
13190
13189
13187
13185
13184
13183
13182
13180
13178
13176
13173
13170
13168
13167
13166
13165
13164
13158
13151
13148
13147
13146
13142
13137
13135
13129
13128
13127
13118
13110
13108
13107
13106
13103
13101
13099
13095
13091
13086
13081
13079
13078
13074
13073
13069
13066
13064
13063
13060
13049
13048
13047
13039
13024
13018
13014
13013
13012
13008
13006
13002
13001
12999
12998
12993
12989
12987
12986
12985
12984
12983
12982
12981
12980
12977
12976
12975
12972
12971
12970
12969
12968
12964
12962
12961
12960
12957
12956
12952
12950
12949
12948
12947
12944
12943
12932
12931
12927
12926
12925
12924
12917
12910
12909
12907
12905
12904
12897
12894
12893
12891
12890
12889
12885
12883
12880
12879
12876
12875
12874
12869
12866
12864
12863
12862
12861
12855
12853
12850
12840
12837
12835
12834
12831
12829
12825
12824
12823
12819
12818
12817
12814
12813
12812
12809
12804
12803
12798
12794
12792
12787
12786
12777
12776
12773
12772
12771
12770
12761
12760
12758
12756
12749
12745
12742
12741
12740
12739
12733
12729
12726
12720
12719
12718
12714
12711
12710
12709
12696
12695
12691
12690
12689
12688
12687
12680
12679
12676
12674
12673
12672
12671
12670
12668
12666
12665
12659
12657
12655
12649
12648
12645
12641
12640
12639
12638
12637
12636
12634
12633
12632
12629
12627
12624
12621
12620
12616
12613
12612
12605
12604
12586
12584
12583
12579
12577
12574
12573
12572
12570
12568
12558
12554
12553
12552
12546
12545
12544
12543
12534
12533
12529
12527
12521
12519
12517
12513
12512
12509
12505
12504
12503
12502
12499
12497
12493
12491
12490
12489
12482
12480
12470
12466
12465
12463
12462
12459
12449
12448
12445
12444
12441
12436
12433
12432
12430
12423
12421
12419
12417
12415
12413
12412
12406
12403
12398
12392
12388
12387
12386
12385
12384
12383
12380
12378
12377
12376
12368
12367
12366
12365
12362
12358
12357
12356
12355
12347
12345
12342
12340
12337
12334
12330
12328
12327
12326
12324
12321
12319
12318
12317
12315
12308
12307
12306
12304
12303
12302
12301
12299
12297
12296
12295
12292
12291
12288
12287
12286
12282
12281
12279
12277
12276
12275
12271
12270
12267
12266
12265
12264
12263
12262
12260
12258
12257
12252
12250
12249
12248
12247
12245
12243
12242
12241
12239
12232
12231
12229
12228
12224
12220
12219
12218
12217
12215
12214
12213
12210
12205
12204
12196
12195
12194
12193
12185
12178
12177
12175
12174
12173
12169
12164
12163
12160
12155
12151
12150
12149
12147
12142
12140
12135
12133
12132
12128
12125
12124
12123
12118
12116
12115
12112
12110
12107
12105
12104
12102
12101
12099
12098
12097
12095
12092
12090
12089
12088
12083
12082
12081
12080
12077
12076
12063
12058
12057
12056
12055
12052
12051
12050
12049
12043
12042
12041
12040
12037
12036
12035
12028
12026
12025
12023
12022
12021
12020
12019
12013
12010
12009
12005
12002
12001
12000
11999
11998
11989
11988
11983
11982
11979
11978
11977
11975
11974
11972
11970
11966
11965
11963
11962
11960
11959
11958
11957
11956
11951
11950
11945
11944
11941
11940
11939
11938
11937
11936
11935
11934
11933
11932
11931
11930
11929
11928
11927
11923
11921
11917
11916
11910
11893
11891
11890
11887
11886
11881
11879
11878
11875
11874
11872
11869
11868
11864
11863
11861
11859
11853
11851
11841
11840
11839
11838
11832
11830
11827
11825
11824
11821
11819
11818
11817
11813
11812
11809
11808
11807
11804
11802
11792
11790
11780
11779
11778
11776
11775
11772
11765
11762
11761
11759
11758
11757
11755
11753
11750
11748
11747
11745
11744
11743
11742
11740
11739
11738
11733
11732
11723
11722
11718
11717
11715
11714
11710
11709
11706
11705
11704
11701
11699
11697
11696
11694
11693
11691
11690
11689
11687
11686
11684
11682
11676
11675
11674
11673
11671
11670
11668
11667
11664
11662
11657
11654
11649
11648
11647
11642
11641
11636
11630
11617
11616
11614
11612
11602
11600
11599
11598
11597
11593
11585
11583
11579
11578
11577
11576
11570
11567
11551
11537
11536
11534
11529
11527
11526
11525
11523
11521
11518
11514
11512
11511
11509
11504
11502
11499
11496
11494
11493
11482
11479
11476
11475
11463
11460
11457
11453
11452
11449
11448
11446
11442
11440
11439
11435
11434
11432
11429
11428
11421
11416
11414
11412
11409
11408
11407
11404
11402
11398
11395
11388
11385
11379
11376
11373
11369
11365
11364
11362
11354
11351
11350
11349
11347
11345
11344
11338
11336
11335
11334
11331
11330
11329
11327
11326
11324
11316
11315
11314
11313
11305
11304
11303
11302
11300
11299
11295
11289
11286
11282
11281
11278
11275
11274
11273
11268
11267
11264
11262
11258
11256
11254
11253
11248
11247
11244
11239
11234
11231
11228
11224
11222
11217
11215
11212
11209
11208
11206
11203
11200
11199
11198
11197
11196
11192
11191
11188
11186
11183
11181
11180
11176
11175
11174
11173
11172
11171
11169
11168
11166
11162
11160
11159
11158
11156
11155
11150
11149
11144
11142
11141
11138
11137
11131
11128
11127
11124
11120
11110
11108
11107
11105
11102
11101
11100
11096
11094
11092
11091
11088
11086
11085
11084
11082
11080
11079
11078
11077
11076
11075
11071
11070
11069
11068
11065
11063
11062
11061
11060
11059
11058
11056
11050
11049
11048
11046
11033
11018
11016
11015
11014
11013
10998
10996
10995
10983
10975
10973
10968
10962
10958
10956
10955
10952
10951
10950
10949
10946
10941
10940
10934
10933
10932
10930
10920
10913
10910
10909
10908
10902
10896
10893
10889
10888
10883
10881
10872
10871
10869
10865
10864
10863
10858
10856
10855
10852
10843
10841
10838
10837
10836
10834
10827
10826
10825
10822
10814
10807
10806
10801
10799
10797
10796
10790
10787
10786
10779
10778
10773
10770
10769
10768
10764
10763
10761
10753
10752
10749
10747
10743
10741
10739
10738
10737
10731
10729
10724
10710
10709
10708
10705
10704
10703
10700
10699
10695
10693
10684
10682
10681
10680
10676
10675
10672
10671
10667
10664
10663
10662
10661
10656
10655
10653
10641
10640
10633
10632
10626
10625
10623
10619
10609
10602
10599
10598
10597
10594
10591
10590
10587
10584
10583
10581
10579
10573
10569
10567
10566
10565
10563
10560
10554
10549
10544
10542
10540
10534
10533
10529
10528
10523
10519
10517
10514
10510
10509
10507
10498
10487
10484
10483
10479
10473
10471
10467
10466
10465
10463
10462
10459
10457
10456
10455
10453
10450
10432
10427
10423
10422
10421
10419
10414
10413
10411
10410
10408
10404
10400
10387
10386
10385
10382
10375
10374
10366
10364
10359
10353
10349
10342
10338
10336
10329
10327
10323
10320
10315
10312
10303
10301
10300
10299
10298
10297
10283
10281
10278
10276
10267
10265
10264
10261
10256
10255
10254
10249
10245
10244
10234
10232
10227
10222
10215
10210
10209
10208
10206
10204
10200
10199
10166
10160
10158
10151
10148
10146
10139
10131
10129
10128
10126
10125
10120
10119
10112
10103
10100
10098
10097
10092
10088
10084
10081
10079
10077
10061
10059
10057
10056
10055
10053
10052
10040
10039
10034
10032
10025
10023
10022
10016
10015
10013
10012
10011
10007
10006
10005
9999
9997
9996
9994
9989
9987
9982
9981
9975
9973
9970
9968
9967
9966
9964
9963
9959
9957
9954
9953
9943
9931
9930
9926
9918
9911
9910
9902
9897
9894
9869
9864
9857
9856
9852
9851
9847
9828
9826
9825
9824
9823
9822
9821
9819
9818
9810
9808
9806
9804
9800
9799
9796
9793
9791
9789
9788
9785
9782
9778
9776
9775
9772
9771
9767
9763
9761
9756
9753
9745
9737
9726
9718
9717
9692
9687
9670
9669
9666
9660
9659
9657
9653
9625
9598
9591
9585
9584
9578
9576
9567
9544
9540
9531
9528
9521
9519
9510
9502
9499
9498
9496
9493
9489
9485
9476
9463
9461
9453
9451
9443
9437
9435
9427
9424
9422
9421
9420
9418
9416
9410
9408
9407
9404
9403
9399
9398
9396
9395
9394
9389
9388
9385
9384
9383
9381
9374
9373
9371
9369
9364
9359
9355
9354
9353
9352
9351
9347
9341
9340
9339
9338
9335
9332
9321
9316
9313
9297
9286
9284
9279
9276
9274
9273
9271
9266
9264
9262
9260
9252
9246
9245
9234
9230
9229
9217
9216
9211
9210
9203
9201
9200
9198
9197
9191
9189
9186
9183
9181
9175
9171
9169
9168
9167
9165
9157
9147
9143
9141
9137
9134
9133
9132
9130
9124
9123
9122
9121
9120
9112
9110
9105
9104
9101
9099
9098
9097
9096
9094
9093
9091
9089
9087
9082
9081
9080
9079
9075
9069
9059
9057
9056
9053
9052
9050
9045
9044
9043
9042
9040
9039
9037
9036
9033
9031
9024
9021
9018
9017
9011
8989
8986
8984
8981
8980
8979
8978
8977
8974
8967
8965
8958
8951
8949
8948
8940
8939
8934
8929
8923
8917
8915
8911
8908
8906
8902
8899
8893
8885
8879
8877
8863
8858
8852
8846
8840
8836
8832
8821
8820
8818
8806
8803
8800
8791
8774
8747
8738
8737
8736
8735
8731
8730
8726
8718
8717
8713
8712
8710
8709
8699
8697
8696
8695
8694
8691
8685
8676
8663
8657
8656
8653
8650
8646
8640
8637
8636
8635
8633
8631
8630
8629
8626
8625
8624
8622
8621
8620
8619
8618
8617
8616
8614
8613
8612
8611
8610
8609
8603
8599
8598
8597
8596
8593
8585
8583
8582
8581
8576
8573
8572
8568
8566
8565
8564
8552
8551
8549
8546
8545
8544
8541
8538
8536
8534
8533
8530
8529
8528
8527
8525
8524
8523
8521
8520
8519
8518
8517
8511
8508
8506
8502
8501
8500
8498
8494
8493
8487
8486
8478
8477
8475
8474
8473
8471
8469
8464
8462
8461
8455
8454
8453
8450
8449
8448
8444
8443
8442
8438
8436
8435
8431
8430
8429
8427
8426
8425
8424
8421
8419
8415
8414
8413
8412
8411
8410
8408
8407
8406
8405
8404
8402
8399
8398
8394
8393
8392
8390
8387
8381
8380
8378
8370
8364
8362
8361
8358
8354
8352
8349
8348
8347
8343
8341
8340
8339
8336
8333
8332
8331
8321
8320
8319
8314
8313
8307
8306
8305
8304
8303
8302
8301
8300
8299
8298
8297
8296
8294
8292
8291
8290
8283
8280
8274
8272
8271
8270
8268
8264
8263
8261
8259
8258
8257
8253
8251
8250
8247
8246
8245
8244
8242
8241
8237
8236
8235
8234
8233
8232
8231
8230
8227
8225
8224
8216
8215
8212
8210
8209
8200
8198
8195
8193
8191
8189
8188
8187
8184
8182
8178
8169
8168
8167
8166
8165
8161
8158
8157
8156
8124
8123
8119
8118
8116
8115
8114
8113
8112
8109
8105
8103
8099
8097
8085
8084
8083
8080
8079
8077
8076
8068
8063
8062
8058
8057
8056
8054
8050
8047
8046
8041
8035
8027
8026
8025
8024
8023
8022
8021
8018
8014
8008
8006
8000
7996
7995
7994
7991
7990
7988
7980
7978
7977
7975
7974
7973
7970
7969
7965
7964
7963
7962
7952
7951
7950
7945
7944
7943
7941
7935
7932
7924
7915
7912
7906
7904
7902
7899
7897
7894
7892
7886
7882
7880
7877
7876
7874
7872
7871
7869
7868
7866
7865
7864
7862
7861
7857
7855
7851
7850
7849
7848
7847
7845
7843
7839
7838
7837
7836
7835
7831
7830
7829
7824
7821
7816
7810
7809
7806
7800
7799
7798
7790
7788
7786
7785
7782
7780
7777
7776
7775
7774
7773
7772
7770
7769
7762
7758
7755
7753
7750
7736
7732
7731
7724
7723
7719
7718
7717
7716
7713
7712
7711
7710
7708
7707
7704
7702
7701
7697
7696
7692
7685
7680
7674
7670
7669
7664
7662
7660
7656
7652
7651
7649
7645
7643
7642
7641
7638
7637
7636
7629
7622
7621
7614
7610
7609
7608
7606
7605
7601
7600
7598
7597
7596
7590
7584
7575
7566
7565
7564
7563
7562
7559
7549
7547
7546
7539
7537
7532
7529
7528
7523
7522
7518
7513
7510
7509
7507
7506
7505
7504
7502
7500
7495
7494
7492
7490
7488
7485
7476
7475
7472
7470
7469
7468
7466
7465
7463
7458
7453
7449
7440
7435
7431
7428
7424
7423
7421
7409
7408
7406
7405
7386
7383
7379
7375
7370
7369
7366
7362
7361
7360
7359
7352
7347
7346
7345
7344
7343
7338
7336
7331
7330
7329
7327
7317
7315
7314
7310
7307
7301
7299
7298
7292
7288
7287
7286
7285
7283
7278
7277
7271
7270
7258
7257
7255
7253
7250
7243
7241
7240
7230
7227
7226
7225
7220
7219
7211
7208
7207
7191
7190
7189
7187
7186
7184
7183
7181
7175
7173
7172
7169
7168
7164
7154
7152
7151
7148
7147
7143
7139
7138
7136
7133
7130
7127
7122
7120
7114
7113
7112
7111
7102
7101
7098
7094
7092
7090
7084
7083
7081
7080
7075
7072
7071
7067
7064
7060
7059
7058
7046
7040
7039
7036
7034
7033
7026
7023
7022
7019
7018
7016
7013
7012
7010
7007
7001
6998
6994
6990
6987
6981
6979
6970
6968
6967
6965
6964
6950
6946
6944
6941
6938
6936
6925
6920
6912
6911
6909
6906
6902
6899
6898
6895
6894
6877
6870
6869
6868
6864
6863
6859
6857
6854
6853
6848
6847
6846
6841
6838
6836
6831
6830
6826
6825
6824
6822
6821
6819
6817
6814
6813
6810
6801
6798
6793
6788
6783
6780
6776
6774
6767
6765
6763
6755
6753
6750
6748
6744
6741
6737
6731
6728
6725
6723
6713
6711
6710
6706
6705
6703
6702
6700
6692
6688
6687
6685
6684
6683
6678
6673
6672
6671
6670
6667
6666
6665
6663
6655
6647
6646
6645
6639
6638
6634
6630
6629
6624
6615
6614
6613
6612
6611
6610
6609
6604
6600
6591
6590
6577
6576
6572
6568
6565
6559
6558
6557
6550
6546
6544
6543
6542
6539
6529
6525
6522
6521
6518
6516
6514
6509
6508
6507
6506
6505
6503
6500
6498
6488
6487
6486
6481
6480
6472
6471
6469
6467
6465
6464
6463
6462
6450
6442
6441
6440
6439
6438
6437
6435
6434
6433
6426
6425
6423
6422
6413
6412
6411
6409
6407
6405
6401
6400
6399
6396
6394
6393
6386
6382
6380
6379
6378
6375
6374
6369
6368
6363
6360
6358
6354
6353
6351
6349
6346
6345
6342
6330
6328
6321
6320
6316
6307
6299
6291
6290
6277
6272
6269
6267
6263
6256
6251
6248
6247
6235
6230
6222
6220
6207
6204
6203
6199
6198
6196
6195
6179
6178
6176
6175
6173
6170
6169
6165
6162
6151
6147
6143
6141
6140
6128
6127
6119
6118
6117
6114
6111
6109
6102
6099
6098
6097
6092
6090
6085
6082
6076
6069
6068
6064
6062
6061
6060
6057
6056
6055
6052
6051
6050
6048
6044
6040
6039
6036
6034
6033
6032
6028
6027
6025
6024
6021
6020
6018
6017
6015
6008
6001
6000
5996
5995
5990
5986
5984
5981
5974
5972
5970
5968
5963
5962
5954
5938
5926
5908
5904
5894
5893
5883
5882
5879
5878
5877
5875
5874
5872
5868
5867
5866
5862
5855
5846
5840
5839
5837
5833
5830
5821
5805
5795
5786
5777
5768
5766
5760
5757
5752
5738
5733
5711
5686
5684
5682
5672
5669
5668
5667
5664
5662
5651
5639
5636
5628
5607
5604
5603
5602
5598
5593
5587
5583
5581
5570
5565
5563
5560
5559
5549
5546
5544
5531
5530
5527
5524
5516
5514
5513
5508
5507
5498
5490
5488
5480
5457
5450
5448
5445
5442
5435
5411
5405
5397
5396
5390
5389
5388
5382
5381
5378
5375
5369
5367
5366
5365
5344
5337
5328
5327
5326
5325
5323
5322
5318
5316
5315
5312
5310
5309
5308
5305
5304
5298
5295
5294
5288
5287
5284
5281
5278
5277
5266
5265
5263
5261
5260
5258
5256
5255
5254
5253
5252
5249
5244
5242
5233
5230
5227
5225
5223
5221
5220
5217
5215
5211
5205
5199
5198
5195
5194
5193
5187
5186
5184
5182
5181
5179
5177
5176
5175
5165
5163
5157
5156
5153
5140
5138
5125
5124
5106
5104
5101
5097
5086
5083
5082
5077
5071
5069
5067
5065
5064
5063
5062
5059
5054
5051
5042
5040
5037
5034
5033
5028
5027
5024
5022
5017
5016
5013
5011
5008
4995
4994
4993
4989
4979
4975
4971
4968
4966
4964
4962
4945
4943
4942
4940
4937
4920
4911
4901
4894
4886
4884
4883
4879
4878
4874
4870
4869
4868
4859
4856
4855
4849
4848
4847
4842
4833
4832
4831
4830
4823
4819
4817
4816
4812
4811
4810
4807
4802
4801
4795
4791
4790
4789
4784
4767
4765
4764
4763
4754
4753
4751
4750
4749
4734
4731
4730
4728
4717
4716
4715
4713
4712
4711
4705
4695
4694
4693
4676
4672
4664
4643
4642
4634
4633
4631
4627
4625
4620
4619
4617
4614
4606
4598
4596
4591
4590
4589
4586
4583
4582
4571
4564
4561
4560
4558
4554
4546
4542
4541
4539
4534
4522
4520
4517
4514
4509
4503
4499
4496
4490
4489
4486
4480
4479
4475
4473
4472
4470
4469
4468
4466
4464
4461
4456
4451
4447
4446
4441
4439
4431
4427
4419
4416
4415
4409
4406
4405
4403
4402
4401
4399
4393
4392
4390
4389
4386
4384
4379
4378
4376
4372
4370
4367
4365
4349
4348
4343
4340
4337
4335
4333
4323
4317
4316
4307
4306
4302
4301
4300
4298
4293
4289
4282
4277
4276
4274
4270
4268
4267
4259
4258
4257
4248
4247
4245
4241
4240
4238
4237
4235
4232
4229
4227
4224
4222
4214
4213
4210
4208
4200
4199
4194
4193
4191
4184
4172
4171
4168
4167
4166
4165
4164
4161
4159
4151
4150
4146
4145
4144
4143
4142
4139
4136
4135
4130
4121
4119
4116
4110
4109
4107
4105
4104
4101
4095
4083
4077
4064
4063
4059
4056
4055
4051
4049
4045
4034
4031
4029
4028
4025
4024
4023
4019
4016
4015
4002
3996
3993
3992
3991
3990
3986
3985
3983
3978
3976
3974
3972
3966
3962
3961
3960
3953
3948
3941
3940
3937
3935
3934
3925
3924
3923
3921
3919
3916
3914
3910
3909
3908
3903
3898
3895
3893
3888
3885
3884
3883
3880
3878
3863
3861
3856
3855
3854
3853
3847
3842
3840
3839
3836
3834
3833
3829
3827
3825
3821
3810
3802
3799
3798
3794
3789
3785
3784
3770
3767
3766
3765
3764
3761
3755
3751
3746
3745
3744
3743
3727
3720
3716
3710
3698
3696
3691
3690
3688
3683
3682
3676
3669
3668
3664
3655
3654
3648
3646
3644
3636
3634
3619
3616
3610
3609
3608
3593
3588
3584
3582
3577
3570
3568
3559
3558
3552
3551
3550
3549
3545
3530
3527
3516
3510
3508
3507
3506
3503
3491
3478
3471
3461
3455
3447
3429
3428
3423
3421
3411
3410
3402
3401
3400
3390
3388
3383
3380
3376
3366
3364
3349
3348
3347
3346
3341
3334
3329
3328
3320
3314
3308
3303
3278
3272
3268
3264
3263
3255
3250
3246
3243
3237
3235
3228
3226
3225
3199
3190
3189
3187
3185
3182
3174
3168
3163
3161
3158
3157
3156
3149
3145
3143
3142
3141
3140
3138
3128
3127
3109
3108
3104
3099
3095
3093
3089
3083
3081
3073
3072
3069
3068
3063
3062
3059
3055
3054
3053
3052
3046
3044
3042
3041
3038
3035
3031
3029
3028
3021
3020
3015
3014
3013
3012
3010
2993
2992
2991
2984
2981
2978
2968
2966
2962
2961
2955
2950
2948
2944
2940
2932
2929
2928
2923
2918
2916
2911
2907
2898
2897
2896
2895
2893
2890
2881
2876
2875
2871
2869
2868
2867
2863
2854
2850
2845
2842
2826
2819
2818
2817
2815
2814
2808
2797
2794
2786
2783
2777
2775
2774
2773
2763
2762
2759
2734
2723
2722
2711
2701
2692
2691
2688
2684
2683
2681
2674
2672
2670
2667
2664
2660
2655
2651
2644
2643
2640
2636
2633
2632
2631
2628
2627
2625
2622
2618
2608
2606
2605
2604
2600
2584
2570
2569
2563
2559
2556
2542
2529
2527
2525
2521
2520
2519
2518
2515
2511
2503
2502
2494
2486
2485
2484
2481
2480
2479
2476
2474
2471
2469
2464
2461
2455
2453
2449
2444
2443
2436
2435
2431
2429
2427
2423
2414
2413
2405
2404
2402
2399
2395
2394
2393
2388
2387
2384
2382
2372
2363
2359
2349
2348
2344
2343
2336
2335
2332
2329
2324
2323
2322
2305
2301
2287
2284
2283
2282
2277
2276
2273
2270
2268
2267
2266
2265
2256
2253
2250
2249
2243
2239
2238
2237
2235
2232
2231
2230
2227
2212
2211
2205
2192
2191
2190
2181
2179
2178
2177
2173
2172
2166
2164
2163
2158
2153
2152
2151
2149
2148
2145
2143
2142
2141
2138
2136
2129
2125
2124
2122
2121
2120
2117
2115
2114
2110
2105
2104
2102
2098
2095
2089
2088
2087
2086
2085
2070
2069
2066
2065
2064
2063
2061
2059
2057
2056
2055
2053
2052
2051
2041
2040
2039
2033
2032
2022
2020
2012
2010
2009
2007
2000
1998
1996
1991
1988
1984
1983
1978
1975
1966
1960
1957
1952
1942
1941
1940
1938
1936
1933
1924
1923
1920
1916
1902
1900
1895
1894
1885
1883
1882
1881
1879
1867
1862
1861
1859
1853
1852
1849
1845
1840
1838
1832
1825
1821
1808
1806
1805
1801
1800
1796
1792
1789
1786
1782
1781
1780
1765
1761
1757
1753
1751
1743
1738
1736
1735
1734
1733
1722
1720
1716
1712
1710
1705
1703
1698
1697
1695
1694
1693
1691
1686
1684
1676
1672
1665
1663
1658
1652
1647
1641
1637
1634
1623
1622
1616
1607
1603
1588
1587
1584
1576
1573
1569
1562
1558
1557
1551
1549
1547
1544
1541
1539
1535
1532
1530
1529
1526
1525
1523
1519
1510
1508
1504
1502
1501
1499
1498
1490
1488
1483
1482
1481
1480
1477
1475
1471
1470
1466
1463
1462
1459
1457
1450
1449
1447
1444
1443
1434
1433
1431
1422
1421
1418
1417
1408
1404
1403
1401
1400
1391
1378
1367
1361
1351
1347
1346
1339
1320
1316
1315
1312
1310
1305
1304
1296
1280
1279
1274
1272
1271
1269
1268
1258
1252
1251
1237
1236
1231
1228
1226
1225
1221
1220
1219
1213
1212
1211
1210
1196
1195
1193
1187
1181
1175
1173
1172
1169
1167
1166
1163
1162
1158
1157
1156
1153
1149
1148
1140
1138
1136
1135
1134
1131
1127
1120
1118
1114
1106
1105
1104
1103
1101
1099
1098
1097
1095
1094
1092
1091
1090
1089
1085
1084
1082
1080
1081
1069
1064
1063
1061
1059
1057
1053
1052
1046
1042
1040
1039
1030
1024
1023
1021
1020
1012
1008
1005
1003
1002
996
995
993
989
988
987
986
985
984
982
981
980
979
978
975
973
972
940
932
927
926
925
923
919
917
910
909
907
906
902
900
894
892
886
883
882
876
874
873
872
869
868
867
864
859
858
853
851
850
846
842
832
831
830
827
826
822
817
808
806
799
797
792
788
786
783
778
777
773
763
760
753
744
743
741
739
738
734
728
727
726
725
724
722
719
714
712
711
710
709
707
703
702
699
698
695
694
691
690
689
687
678
676
673
670
662
660
657
653
652
651
650
648
647
645
643
638
636
631
629
627
623
621
619
617
614
612
606
604
602
601
597
596
595
594
592
591
584
581
579
577
573
570
564
557
554
544
543
540
537
536
534
529
526
525
523
519
515
498
492
482
477
470
467
466
463
462
461
457
448
434
431
430
425
421
420
414
413
411
408
395
390
389
384
381
368
362
361
356
353
351
346
332
331
329
326
323
319
318
317
311
308
301
300
296
286
284
279
278
277
274
273
269
268
266
264
262
259
255
251
249
241
237
236
233
231
230
223
219
212
210
208
207
200
197
196
194
192
187
183
179
173
166
165
163
157
150
149
144
141
138
134
132
131
126
125
124
122
121
120
115
114
112
107
106
96
94
91
89
87
71
70
69
59
58
55
51
45
40
37
35
30
28
27
26
21
16
12
8
3
1
